0   30.3685836522   33.7209280108
10  30.6571533373   33.5699860794
20  30.8305326318   33.8627754748
30  30.0523857605   33.8881555245
40  30.0554214718   33.6218427875
50  24.6049260667   35.3978824361
60  24.6347518794   35.0357523849
70  23.009726705    35.0067091833
80  22.7528280583   35.191029977
90  21.9377701948   35.1319447441
100 20.2745514857   35.5938621918
110 20.9710188913   35.9148798308
120 20.2209581379   35.86518411
130 20.3867976305   35.5925787336
140 20.5283224192   36.0858470902
150 20.7232899063   36.4410697486
160 19.3886115085   36.1774833766
170 19.458633197    35.8968737498
180 19.6307952215   35.9948067127
190 19.2084672244   35.8867420098
200 18.2284575833   35.9177127349
210 18.4534418983   35.4755034276
220 18.9793668627   35.0431228596
230 18.8521403407   35.4711045747
240 18.6065926529   35.2742892993
250 18.8080819184   35.2400495319
260 17.9851804238   34.5412749916
270 17.74797766 34.5922828113
280 17.9327695286   34.6704191166
290 17.1933069364   34.5645272471
300 17.2863287909   34.8686862678
